Model: pyannote/speaker-diarization-community-1
Dataset: msdwild
NOTE: Run stopped early — time limit of 0.8h reached.
      Only 437 file(s) were processed.
Total elapsed: 00:45:03
============================================================

PER FILE:
File                            Dur(s)     DER     JER    Miss      FA    Conf
---------------------------------------------------------------------------
00001                             24.3   0.127   0.444   0.066   0.014   0.047
00002                             65.7   0.107   0.131   0.048   0.052   0.007
00003                             62.5   0.158   0.156   0.059   0.077   0.022
00004                             27.5   0.483   0.813   0.228   0.068   0.187
00005                             25.6   0.035   0.051   0.013   0.018   0.003
00006                            408.4   0.084   0.389   0.056   0.026   0.002
00007                            170.4   0.158   0.193   0.062   0.052   0.043
00008                             30.3   1.004   0.927   0.615   0.227   0.162
00009                             43.5   0.303   0.690   0.080   0.020   0.203
00010                             98.3   0.139   0.156   0.049   0.082   0.008
00011                             39.7   0.202   0.289   0.135   0.056   0.010
00012                           1197.9   0.074   0.079   0.033   0.035   0.006
00013                             59.8   0.299   0.422   0.109   0.029   0.161
00014                            254.8   0.068   0.374   0.027   0.027   0.014
00015                             20.5   0.207   0.192   0.110   0.096   0.000
00016                             38.7   0.100   0.095   0.017   0.077   0.005
00017                             45.5   0.324   0.689   0.023   0.168   0.132
00018                            414.5   0.264   0.548   0.091   0.065   0.108
00019                             33.3   0.102   0.103   0.095   0.005   0.002
00020                            283.5   0.060   0.529   0.029   0.026   0.005
00021                             97.5   0.364   0.694   0.126   0.052   0.186
00022                            140.1   0.065   0.161   0.042   0.006   0.017
00023                             33.0   0.147   0.134   0.114   0.029   0.004
00024                             68.4   0.553   0.652   0.272   0.031   0.250
00025                             22.0   0.813   0.884   0.729   0.016   0.067
00026                             24.8   0.216   0.400   0.018   0.086   0.112
00027                             40.4   0.408   0.562   0.104   0.139   0.165
00028                             38.3   0.829   0.868   0.403   0.148   0.279
00029                            376.6   0.070   0.070   0.036   0.032   0.002
00030                             77.5   0.013   0.016   0.004   0.008   0.001
00031                             27.7   0.164   0.158   0.080   0.070   0.013
00032                             28.2   0.152   0.227   0.044   0.064   0.044
00033                             32.2   0.420   0.581   0.146   0.108   0.166
00034                           1817.5   0.282   0.336   0.064   0.094   0.124
00035                             69.2   0.255   0.612   0.198   0.019   0.038
00036                             71.8   0.074   0.135   0.032   0.040   0.002
00037                             65.4   0.353   0.640   0.053   0.043   0.257
00038                             20.7   0.181   0.248   0.088   0.049   0.043
00039                             55.5   0.699   0.778   0.255   0.200   0.244
00040                             31.0   0.199   0.562   0.109   0.015   0.074
00041                             33.0   0.223   0.320   0.058   0.049   0.116
00042                            130.1   0.129   0.414   0.022   0.019   0.088
00043                             60.5   0.088   0.388   0.015   0.062   0.012
00044                             35.0   0.674   0.804   0.036   0.224   0.414
00045                            374.6   0.174   0.240   0.073   0.041   0.060
00046                            215.6   0.143   0.192   0.087   0.042   0.014
00047                             23.1   0.190   0.560   0.062   0.027   0.101
00048                             43.1   0.531   0.710   0.229   0.071   0.230
00049                             31.0   0.620   0.772   0.144   0.109   0.367
00050                             37.1   0.112   0.378   0.055   0.011   0.046
00051                            131.7   0.085   0.099   0.053   0.025   0.007
00052                             63.1   0.081   0.082   0.018   0.057   0.007
00053                             31.8   0.538   0.835   0.150   0.113   0.275
00054                            427.9   0.071   0.115   0.030   0.033   0.008
00055                             22.6   0.532   0.868   0.257   0.011   0.264
00056                             55.7   0.057   0.059   0.022   0.035   0.000
00057                             24.1   0.417   0.592   0.138   0.046   0.233
00058                             24.3   0.191   0.249   0.147   0.010   0.034
00059                             33.9   0.608   0.856   0.203   0.053   0.352
00060                             37.2   0.177   0.252   0.091   0.048   0.038
00061                             20.1   0.386   0.669   0.024   0.099   0.263
00062                             20.5   0.173   0.425   0.130   0.030   0.013
00063                             58.8   0.140   0.125   0.021   0.114   0.006
00064                             47.4   0.196   0.430   0.036   0.033   0.126
00065                             30.2   0.277   0.635   0.081   0.064   0.133
00066                             25.2   0.286   0.500   0.045   0.165   0.075
00067                             23.0   0.313   0.608   0.123   0.006   0.184
00068                             68.1   0.117   0.111   0.019   0.091   0.007
00069                             79.0   0.380   0.661   0.101   0.082   0.196
00070                             21.8   0.449   0.720   0.388   0.026   0.035
00071                           1219.9   0.109   0.102   0.015   0.092   0.003
00072                             20.9   0.092   0.081   0.043   0.049   0.000
00073                             34.1   0.083   0.073   0.024   0.057   0.003
00074                            107.8   0.113   0.110   0.065   0.046   0.002
00075                             31.7   0.085   0.110   0.057   0.026   0.002
00076                             20.2   0.316   0.688   0.106   0.074   0.136
00077                             70.8   0.466   0.744   0.282   0.042   0.141
00078                             26.0   0.204   0.423   0.102   0.058   0.044
00079                             51.5   0.367   0.525   0.122   0.034   0.211
00080                             28.5   0.276   0.593   0.037   0.089   0.150
00081                             25.2   0.403   0.532   0.055   0.144   0.204
00082                             26.5   0.297   0.407   0.088   0.038   0.170
00083                             32.5   0.051   0.065   0.034   0.012   0.005
00084                             29.2   0.578   0.750   0.130   0.197   0.250
00085                             38.6   0.183   0.243   0.079   0.074   0.030
00086                             25.5   0.037   0.143   0.010   0.013   0.015
00087                             43.6   0.106   0.097   0.016   0.089   0.001
00088                            261.9   0.128   0.426   0.096   0.017   0.015
00089                             26.0   0.497   0.668   0.067   0.098   0.332
00090                             25.3   0.302   0.497   0.105   0.051   0.146
00091                             55.1   0.181   0.428   0.054   0.067   0.060
00092                             48.1   0.129   0.128   0.093   0.034   0.002
00093                             70.1   0.064   0.069   0.029   0.029   0.005
00094                            601.7   0.203   0.268   0.094   0.037   0.072
00095                             33.5   0.187   0.550   0.124   0.005   0.058
00096                            110.1   0.560   0.734   0.157   0.072   0.331
00097                             61.4   0.149   0.178   0.090   0.040   0.018
00098                             33.3   0.084   0.108   0.018   0.061   0.004
00099                             52.8   0.621   0.811   0.060   0.223   0.338
00100                             78.5   0.160   0.178   0.064   0.066   0.030
00101                             42.1   0.376   0.655   0.076   0.021   0.279
00102                           1108.9   0.087   0.097   0.042   0.031   0.014
00103                             22.1   0.353   0.652   0.049   0.159   0.145
00104                            108.3   0.078   0.087   0.026   0.048   0.004
00105                             24.7   0.370   0.567   0.102   0.083   0.186
00106                             30.1   0.263   0.441   0.023   0.105   0.134
00107                             23.4   0.312   0.485   0.126   0.075   0.111
00108                             27.3   0.084   0.087   0.022   0.057   0.006
00109                             25.7   0.175   0.223   0.114   0.015   0.046
00110                            176.0   0.720   0.794   0.127   0.185   0.407
00111                             35.4   0.053   0.053   0.019   0.034   0.000
00112                             21.6   0.654   0.700   0.154   0.207   0.292
00113                             22.2   0.095   0.093   0.011   0.084   0.000
00114                             36.7   0.090   0.112   0.052   0.037   0.002
00115                             20.0   0.216   0.391   0.100   0.031   0.085
00116                             61.0   0.169   0.685   0.010   0.022   0.137
00117                             39.3   0.274   0.424   0.101   0.043   0.131
00118                             29.3   0.181   0.484   0.070   0.039   0.073
00119                             68.4   0.115   0.525   0.064   0.017   0.034
00120                             47.3   0.500   0.708   0.175   0.148   0.178
00121                             30.3   0.578   0.776   0.041   0.096   0.441
00122                            159.5   0.475   0.723   0.077   0.143   0.255
00123                             23.3   0.311   0.626   0.121   0.049   0.140
00124                             41.2   0.107   0.155   0.054   0.050   0.002
00125                             53.7   0.089   0.414   0.027   0.021   0.042
00126                             20.9   0.396   0.522   0.157   0.053   0.186
00127                             50.9   0.622   0.678   0.143   0.129   0.350
00128                             32.4   0.662   0.824   0.058   0.178   0.426
00129                            339.5   0.040   0.040   0.022   0.017   0.001
00130                             20.1   0.337   0.549   0.115   0.064   0.158
00131                             22.4   0.713   0.821   0.275   0.130   0.308
00132                             20.7   0.582   0.839   0.157   0.036   0.390
00133                             38.5   0.192   0.203   0.127   0.062   0.004
00134                             50.8   0.416   0.605   0.159   0.099   0.159
00135                             28.4   0.070   0.203   0.014   0.056   0.000
00136                             31.1   0.266   0.381   0.099   0.026   0.141
00137                            116.6   0.219   0.341   0.055   0.037   0.127
00138                            474.4   0.060   0.097   0.031   0.028   0.002
00139                             26.9   0.096   0.097   0.058   0.037   0.001
00140                             37.8   0.480   0.715   0.045   0.091   0.344
00141                             30.4   0.194   0.461   0.075   0.034   0.085
00142                             56.5   0.072   0.089   0.024   0.028   0.020
00143                             37.9   0.525   0.828   0.147   0.111   0.267
00144                             29.6   0.698   0.829   0.285   0.078   0.335
00145                             31.6   0.302   0.510   0.116   0.051   0.135
00146                             47.4   0.634   0.825   0.287   0.068   0.279
00147                             48.6   0.307   0.545   0.025   0.109   0.173
00148                             51.5   0.105   0.107   0.064   0.037   0.004
00149                            155.1   0.234   0.618   0.099   0.054   0.081
00150                             48.1   0.061   0.066   0.013   0.040   0.008
00151                             23.5   0.354   0.537   0.177   0.029   0.148
00152                             35.5   0.227   0.549   0.088   0.074   0.065
00153                             22.5   0.289   0.572   0.077   0.018   0.193
00154                             83.1   0.419   0.701   0.150   0.058   0.212
00155                             28.6   0.461   0.588   0.107   0.099   0.255
00156                             26.9   0.266   0.453   0.134   0.069   0.063
00157                             36.8   0.201   0.223   0.082   0.075   0.044
00158                             22.0   0.320   0.492   0.100   0.154   0.067
00159                             30.4   0.649   0.815   0.177   0.069   0.403
00160                             24.8   0.523   0.762   0.033   0.071   0.418
00161                             28.7   0.245   0.209   0.081   0.159   0.004
00162                             25.0   0.475   0.836   0.113   0.106   0.256
00163                             28.4   0.346   0.481   0.031   0.154   0.160
00164                             57.3   0.206   0.258   0.065   0.045   0.097
00165                             29.9   0.139   0.148   0.088   0.036   0.014
00166                             20.7   0.508   0.441   0.073   0.316   0.119
00167                            148.5   0.087   0.082   0.032   0.052   0.003
00168                             34.8   0.073   0.083   0.035   0.034   0.005
00169                            118.5   0.319   0.522   0.111   0.041   0.166
00170                             44.4   0.472   0.681   0.178   0.104   0.190
00171                             40.4   0.030   0.031   0.018   0.011   0.001
00172                             62.4   0.117   0.128   0.089   0.013   0.015
00173                             20.6   0.224   0.542   0.043   0.025   0.156
00174                             22.7   0.534   0.757   0.168   0.072   0.294
00175                             42.3   0.129   0.406   0.064   0.049   0.016
00176                             38.1   0.118   0.119   0.059   0.052   0.007
00177                             36.2   0.047   0.070   0.019   0.028   0.000
00178                             59.5   0.060   0.064   0.033   0.022   0.006
00179                             26.1   0.564   0.784   0.156   0.070   0.338
00180                             28.3   0.364   0.556   0.083   0.027   0.254
00181                             41.7   0.499   0.687   0.102   0.107   0.289
00182                             53.3   0.233   0.571   0.066   0.036   0.130
00183                             40.3   0.496   0.813   0.080   0.154   0.261
00184                            111.2   0.068   0.067   0.031   0.035   0.002
00185                           1048.0   0.099   0.110   0.050   0.035   0.015
00186                             34.9   0.127   0.134   0.104   0.017   0.005
00187                             72.9   0.357   0.596   0.052   0.092   0.213
00188                           1971.8   0.132   0.177   0.039   0.060   0.033
00189                            124.8   0.075   0.075   0.030   0.038   0.008
00190                             24.5   0.090   0.090   0.035   0.052   0.002
00191                             22.5   0.369   0.574   0.173   0.036   0.160
00192                             65.3   0.162   0.586   0.055   0.053   0.055
00193                             30.1   0.378   0.781   0.071   0.110   0.197
00194                             25.6   0.476   0.716   0.197   0.041   0.238
00195                             59.2   0.499   0.590   0.221   0.084   0.194
00196                             43.7   0.162   0.234   0.041   0.083   0.039
00197                             38.3   0.651   0.755   0.186   0.154   0.310
00198                             52.3   0.478   0.718   0.174   0.082   0.222
00199                             29.2   0.136   0.140   0.056   0.070   0.010
00200                             44.2   0.241   0.470   0.090   0.061   0.090
00201                             33.9   0.058   0.067   0.013   0.038   0.006
00202                             56.4   0.155   0.287   0.025   0.102   0.028
00203                             81.5   0.359   0.353   0.134   0.053   0.171
00204                             25.6   0.086   0.085   0.050   0.033   0.003
00205                             21.5   0.130   0.142   0.067   0.057   0.006
00206                           1200.0   0.075   0.074   0.035   0.037   0.003
00207                             90.1   0.244   0.492   0.083   0.035   0.126
00208                             76.6   0.130   0.139   0.064   0.049   0.017
00209                             68.8   0.040   0.049   0.014   0.025   0.001
00210                             26.9   0.305   0.539   0.085   0.091   0.129
00211                             25.4   0.212   0.536   0.063   0.102   0.047
00212                             29.7   0.144   0.256   0.028   0.089   0.028
00213                            570.2   0.145   0.300   0.060   0.047   0.038
00214                             84.8   0.203   0.175   0.030   0.165   0.009
00215                             20.7   0.102   0.116   0.020   0.077   0.004
00216                             63.3   0.098   0.104   0.065   0.031   0.002
00217                             64.1   0.343   0.476   0.045   0.059   0.239
00218                             25.2   0.247   0.575   0.089   0.092   0.067
00219                             87.1   0.193   0.242   0.083   0.045   0.065
00220                             23.4   0.057   0.067   0.019   0.032   0.007
00221                             26.3   0.411   0.655   0.047   0.022   0.342
00222                             70.4   0.206   0.489   0.053   0.071   0.082
00223                           1054.0   0.119   0.133   0.065   0.040   0.013
00224                            140.2   0.155   0.190   0.051   0.072   0.031
00225                             27.7   0.628   0.754   0.246   0.089   0.294
00226                             21.9   0.596   0.837   0.087   0.089   0.419
00227                             38.7   0.163   0.577   0.005   0.046   0.111
00228                             26.4   0.443   0.436   0.118   0.195   0.131
00229                            113.5   0.635   0.855   0.244   0.056   0.335
00230                             61.6   0.493   0.738   0.155   0.034   0.305
00231                             28.6   0.625   0.760   0.018   0.197   0.411
00232                             31.9   0.092   0.081   0.029   0.057   0.006
00233                             27.7   0.551   0.782   0.409   0.015   0.127
00234                             36.5   0.340   0.671   0.055   0.091   0.195
00235                             21.7   0.527   0.724   0.087   0.211   0.229
00236                             23.8   0.271   0.557   0.148   0.081   0.042
00237                            100.0   0.062   0.125   0.043   0.011   0.007
00238                            161.9   0.209   0.235   0.053   0.096   0.060
00239                             20.2   0.221   0.475   0.065   0.047   0.110
00240                             24.9   0.500   0.704   0.033   0.089   0.378
00241                            564.5   0.342   0.685   0.209   0.044   0.089
00242                             45.9   0.598   0.794   0.143   0.074   0.380
00243                             32.9   0.180   0.517   0.022   0.004   0.154
00244                             22.1   0.113   0.108   0.038   0.074   0.001
00245                             20.4   0.327   0.633   0.028   0.080   0.219
00246                             24.9   0.172   0.460   0.056   0.011   0.104
00247                             25.4   0.222   0.271   0.041   0.159   0.023
00248                             34.4   0.475   0.699   0.279   0.016   0.180
00249                             29.4   0.189   0.714   0.050   0.058   0.080
00250                             62.0   0.469   0.724   0.199   0.076   0.194
00251                            104.2   0.059   0.142   0.024   0.025   0.010
00252                            100.2   0.084   0.090   0.049   0.030   0.004
00253                             38.8   0.182   0.334   0.127   0.008   0.047
00254                             21.6   0.835   0.926   0.506   0.112   0.218
00255                            128.5   0.088   0.091   0.043   0.039   0.006
00256                             79.3   0.165   0.483   0.063   0.040   0.062
00257                            136.6   0.405   0.590   0.150   0.025   0.229
00258                             25.2   0.020   0.020   0.007   0.013   0.000
00259                             30.3   0.212   0.622   0.051   0.066   0.096
00260                            103.7   0.259   0.191   0.036   0.223   0.000
00261                            141.5   0.199   0.285   0.078   0.038   0.083
00262                             24.6   0.060   0.064   0.019   0.041   0.000
00263                             21.7   0.248   0.503   0.118   0.057   0.072
00264                             43.8   0.117   0.147   0.061   0.056   0.000
00265                             23.8   0.431   0.649   0.310   0.075   0.047
00266                             46.6   0.509   0.713   0.146   0.108   0.254
00267                             92.9   0.147   0.190   0.054   0.056   0.038
00268                             48.8   0.114   0.389   0.054   0.044   0.016
00269                             35.3   0.447   0.732   0.186   0.073   0.188
00270                             28.4   0.396   0.570   0.089   0.131   0.176
00271                             85.9   0.298   0.714   0.010   0.155   0.133
00272                             74.7   0.067   0.473   0.017   0.021   0.029
00273                            329.6   0.068   0.068   0.039   0.028   0.001
00274                            442.6   0.103   0.126   0.051   0.025   0.027
00275                             51.5   0.111   0.132   0.046   0.064   0.001
00276                             31.9   0.134   0.479   0.073   0.061   0.000
00277                             46.7   0.545   0.618   0.048   0.200   0.297
00278                             32.9   0.304   0.574   0.044   0.030   0.231
00279                             37.9   0.480   0.646   0.262   0.032   0.186
00280                             56.3   0.197   0.262   0.055   0.053   0.089
00281                             34.3   0.440   0.557   0.181   0.088   0.171
00282                             62.1   0.135   0.151   0.083   0.037   0.016
00283                             22.3   0.284   0.333   0.160   0.032   0.092
00284                             31.3   0.093   0.266   0.010   0.060   0.023
00285                             46.7   0.268   0.418   0.028   0.078   0.161
00286                             44.7   0.225   0.587   0.057   0.084   0.083
00287                            365.7   0.096   0.095   0.041   0.048   0.007
00288                            122.3   0.103   0.398   0.024   0.060   0.020
00289                             43.1   0.187   0.532   0.023   0.043   0.121
00290                            267.1   0.215   0.281   0.083   0.032   0.100
00291                             32.3   0.167   0.166   0.034   0.109   0.023
00292                            207.9   0.147   0.205   0.048   0.063   0.036
00293                             23.8   0.019   0.022   0.002   0.013   0.004
00294                           1692.9   0.120   0.270   0.057   0.034   0.030
00295                            628.0   0.104   0.109   0.028   0.074   0.003
00296                             43.7   0.403   0.456   0.181   0.036   0.186
00297                             25.2   0.504   0.728   0.024   0.094   0.386
00298                             34.1   0.382   0.611   0.087   0.053   0.242
00299                             51.1   0.092   0.087   0.010   0.079   0.004
00300                             21.2   0.243   0.466   0.098   0.033   0.112
00301                             44.8   0.403   0.528   0.080   0.061   0.262
00302                             24.0   0.355   0.667   0.033   0.015   0.307
00303                             85.1   0.058   0.055   0.017   0.040   0.001
00304                             20.1   0.155   0.162   0.134   0.021   0.001
00305                             23.6   0.176   0.439   0.097   0.051   0.028
00306                             25.4   0.396   0.644   0.127   0.025   0.244
00307                             31.8   0.571   0.796   0.198   0.102   0.271
00308                             23.4   0.052   0.051   0.039   0.013   0.000
00309                             62.9   0.141   0.437   0.060   0.053   0.028
00310                            130.5   0.301   0.497   0.045   0.057   0.199
00311                             22.6   0.095   0.094   0.043   0.052   0.000
00312                             30.3   0.172   0.166   0.094   0.069   0.008
00313                             27.7   0.340   0.592   0.067   0.066   0.207
00314                             34.0   0.446   0.735   0.104   0.069   0.273
00315                            238.1   0.062   0.072   0.018   0.044   0.000
00316                             26.7   0.073   0.075   0.048   0.023   0.003
00317                             42.3   0.159   0.470   0.119   0.020   0.021
00318                            140.5   0.333   0.535   0.093   0.126   0.114
00319                             30.4   0.501   0.660   0.090   0.105   0.306
00320                            940.5   0.100   0.104   0.059   0.032   0.009
00321                             26.0   0.382   0.703   0.091   0.027   0.264
00322                            136.3   0.084   0.084   0.031   0.049   0.004
00323                             31.7   0.624   0.765   0.289   0.055   0.280
00324                             29.2   0.138   0.134   0.088   0.050   0.000
00325                             36.5   0.163   0.552   0.051   0.015   0.096
00326                             24.6   0.312   0.552   0.151   0.065   0.096
00327                             31.5   0.111   0.104   0.056   0.052   0.003
00328                             93.7   0.105   0.115   0.047   0.043   0.015
00329                             27.5   0.116   0.113   0.058   0.059   0.000
00330                             82.9   0.172   0.468   0.056   0.026   0.090
00331                             45.2   0.216   0.479   0.105   0.038   0.073
00332                             27.4   0.656   0.803   0.119   0.131   0.406
00333                            237.1   0.038   0.074   0.024   0.013   0.001
00334                             26.1   0.540   0.641   0.194   0.137   0.209
00335                             26.2   0.343   0.643   0.198   0.080   0.065
00336                             99.9   0.385   0.580   0.135   0.095   0.155
00337                             29.4   0.557   0.706   0.018   0.119   0.420
00338                             40.7   0.065   0.061   0.008   0.057   0.000
00339                             23.5   0.025   0.042   0.012   0.012   0.002
00340                             49.5   0.506   0.810   0.111   0.078   0.317
00341                             72.8   0.176   0.266   0.114   0.030   0.031
00342                             24.7   0.597   0.748   0.156   0.102   0.339
00343                             24.7   0.602   0.776   0.072   0.135   0.395
00344                            116.3   0.160   0.211   0.017   0.063   0.080
00345                             21.9   0.218   0.360   0.078   0.022   0.118
00346                             29.8   0.231   0.616   0.089   0.044   0.098
00347                             33.4   0.193   0.348   0.082   0.052   0.060
00348                             57.8   0.419   0.590   0.083   0.087   0.249
00349                             31.2   0.346   0.669   0.041   0.096   0.209
00350                             39.6   0.154   0.179   0.072   0.075   0.006
00351                             68.1   0.089   0.095   0.057   0.030   0.002
00352                             33.8   0.177   0.210   0.100   0.034   0.043
00353                             45.0   0.216   0.284   0.103   0.038   0.075
00354                             50.6   0.240   0.474   0.065   0.052   0.123
00355                             25.4   0.324   0.492   0.069   0.025   0.230
00356                             33.4   0.373   0.534   0.121   0.073   0.180
00357                             69.4   0.573   0.723   0.176   0.058   0.339
00358                             43.9   0.434   0.687   0.126   0.049   0.259
00359                             66.6   0.226   0.277   0.015   0.095   0.116
00360                             24.9   0.103   0.118   0.044   0.054   0.005
00361                             25.3   0.298   0.412   0.059   0.026   0.213
00362                             76.1   0.022   0.023   0.009   0.013   0.001
00363                             75.7   0.601   0.691   0.207   0.110   0.284
00364                             21.7   0.255   0.672   0.073   0.056   0.127
00365                             32.6   0.181   0.213   0.073   0.064   0.045
00366                            321.4   0.274   0.330   0.098   0.076   0.100
00367                             20.2   0.509   0.635   0.167   0.039   0.303
00368                             39.2   0.158   0.223   0.034   0.028   0.096
00369                             53.1   0.143   0.139   0.104   0.033   0.007
00370                             21.7   0.072   0.277   0.024   0.048   0.000
00371                             23.5   0.332   0.544   0.041   0.038   0.253
00372                             74.7   0.122   0.126   0.087   0.026   0.009
00373                             20.0   0.421   0.678   0.020   0.011   0.390
00374                             36.6   0.469   0.666   0.090   0.033   0.346
00375                             36.1   0.124   0.138   0.048   0.061   0.014
00376                             20.9   0.061   0.063   0.031   0.030   0.000
00377                             27.0   0.193   0.329   0.054   0.085   0.055
00378                             68.0   0.496   0.735   0.108   0.068   0.320
00379                             50.6   0.302   0.522   0.088   0.062   0.153
00380                             36.2   0.110   0.109   0.050   0.055   0.004
00381                             32.6   0.201   0.194   0.062   0.026   0.113
00382                             30.8   0.086   0.360   0.082   0.005   0.000
00383                             31.4   0.160   0.410   0.108   0.052   0.000
00384                            131.4   0.290   0.478   0.125   0.050   0.115
00385                             47.2   0.329   0.278   0.145   0.176   0.007
00386                             20.6   0.076   0.485   0.029   0.020   0.026
00387                             21.4   0.333   0.749   0.066   0.042   0.226
00388                             25.5   0.330   0.493   0.092   0.118   0.120
00389                             28.7   0.062   0.065   0.002   0.056   0.004
00390                             25.2   0.108   0.109   0.030   0.069   0.009
00391                             23.6   0.092   0.091   0.068   0.018   0.006
00392                             84.4   0.339   0.586   0.085   0.032   0.222
00393                             60.8   0.231   0.318   0.082   0.035   0.114
00394                            108.9   0.196   0.240   0.076   0.074   0.046
00395                             33.3   0.216   0.522   0.107   0.083   0.026
00396                             38.5   0.203   0.446   0.128   0.018   0.057
00397                             46.5   0.109   0.473   0.037   0.047   0.025
00398                             31.0   0.848   0.878   0.612   0.141   0.095
00399                             47.8   0.311   0.497   0.176   0.015   0.120
00400                             34.2   0.025   0.023   0.008   0.018   0.000
00401                             29.4   0.182   0.617   0.146   0.014   0.022
00402                            111.1   0.079   0.098   0.037   0.040   0.002
00403                            629.0   0.113   0.146   0.030   0.042   0.042
00404                           1194.5   0.153   0.174   0.074   0.047   0.032
00405                             29.5   0.108   0.145   0.012   0.095   0.001
00406                             27.9   0.308   0.633   0.119   0.063   0.127
00407                             22.2   0.554   0.709   0.182   0.091   0.281
00408                             54.9   0.419   0.636   0.029   0.051   0.339
00409                             87.1   0.106   0.106   0.047   0.052   0.008
00410                             41.1   0.123   0.113   0.089   0.035   0.000
00411                            123.7   0.103   0.126   0.061   0.037   0.005
00412                             73.5   0.058   0.063   0.029   0.028   0.001
00413                            462.4   0.183   0.255   0.088   0.079   0.016
00414                             28.6   0.089   0.091   0.055   0.027   0.007
00415                            142.4   0.113   0.299   0.059   0.043   0.012
00416                             54.1   0.278   0.365   0.047   0.148   0.082
00417                             55.3   0.714   0.917   0.144   0.099   0.471
00418                             28.0   0.166   0.158   0.091   0.066   0.009
00419                             34.4   0.103   0.122   0.057   0.031   0.015
00420                             80.1   0.101   0.095   0.030   0.068   0.003
00421                             21.3   0.562   0.675   0.141   0.185   0.236
00422                             63.3   0.062   0.264   0.040   0.012   0.009
00423                             40.9   0.085   0.084   0.040   0.040   0.004
00424                            124.4   0.100   0.146   0.032   0.042   0.026
00425                            113.9   0.405   0.580   0.146   0.032   0.227
00426                             64.7   0.473   0.740   0.107   0.137   0.229
00427                             29.7   0.398   0.665   0.128   0.062   0.208
00428                             32.1   0.365   0.576   0.164   0.074   0.127
00429                             34.0   0.477   0.760   0.106   0.083   0.287
00430                             56.1   0.478   0.782   0.066   0.120   0.293
00431                             43.1   0.388   0.584   0.157   0.081   0.150
00432                             26.7   0.178   0.192   0.008   0.123   0.047
00433                             30.2   0.648   0.809   0.274   0.095   0.279
00434                             48.4   0.230   0.249   0.142   0.067   0.020
00435                             39.3   0.325   0.464   0.103   0.052   0.170
00436                            104.3   0.079   0.101   0.037   0.025   0.016
00437                             73.5   0.142   0.459   0.032   0.024   0.086

============================================================
OVERALL AVERAGES:
  Avg DER          = 0.266
  Avg JER          = 0.410
  Avg MISS         = 0.089
  Avg FALSE_ALARM  = 0.063
  Avg CONFUSION    = 0.113

============================================================
BY AUDIO LENGTH:

  long (5-15min) — 17 file(s)
    Avg DER          = 0.141
    Avg JER          = 0.228
    Avg MISS         = 0.063
    Avg FALSE_ALARM  = 0.044
    Avg CONFUSION    = 0.034

  medium (1-5min) — 106 file(s)
    Avg DER          = 0.206
    Avg JER          = 0.338
    Avg MISS         = 0.071
    Avg FALSE_ALARM  = 0.053
    Avg CONFUSION    = 0.083

  short (<1min) — 303 file(s)
    Avg DER          = 0.298
    Avg JER          = 0.454
    Avg MISS         = 0.099
    Avg FALSE_ALARM  = 0.069
    Avg CONFUSION    = 0.131

  very long (>15min) — 11 file(s)
    Avg DER          = 0.123
    Avg JER          = 0.151
    Avg MISS         = 0.049
    Avg FALSE_ALARM  = 0.049
    Avg CONFUSION    = 0.025
